=====================================================================
|             TABLATURAS Y ACORDES DE MÚSICA EN ESPAÑOL             |
+-------------------------- lacuerda.net ---------------------------+
| ARTISTA: La Vela Puerca                                           |
| CANCION: COLABORE                                                 |
| AUTOR:   -?-                                                      |
| ALBUM:   -?-                                                      |
+------------------------------------------------------ARM-vpue0554-+
| TRANS:   Lucho                                                    |
=====================================================================

Armonica en C

7...7(7)76 - 5(5)(5)5(5)5
67...7(7)76 - 5(5)(5)5(5)(5)5(6)5
5555(6)6(5)55
7777777(7)6(6)(6)(6)(6)(7)7(7)

7...7(7)76 - 5(5)(5)5(5)5
67...7(7)76 - 5(5)(5)5(5)(5)5(6)5
5555(6)6(5)55
7777777(7)6(6)(6)(6)(6)(7)7(7)

(6)(7)7(7)(6)67(7)(6)6(6)(6)6
(6)(7)7(7)(6)67(7)(6)6(6)(6)6
(6)(7)7(7)(6)67(7)(6)6(6)(6)6
(6)(7)7(7)

7...7(7)76 - 5(5)(5)5(5)5
67...7(7)76 - 5(5)(5)5(5)(5)5(6)5
5555(6)6(5)55
7777777(7)6(6)(6)(6)(6)(7)7(7)

(6)(7)7(7)(6)67(7)(6)6(6)(6)6
(6)(7)7(7)(6)67(7)(6)6(6)(6)6
(6)(7)7(7)(6)67(7)(6)6(6)(6)6
(6)(7)7(7)- (6)(7)7(7)

5555(6)6(5)55
77778(8)7(7)6-6(6)(6)(6)(6)(7)7(7)

(6)(7)7(7)(6)67(7)(6)6(6)(6)6
(6)(7)7(7)(6)67(7)(6)6(6)(6)6
(6)(7)7(7)(6)67(7)(6)6(6)(6)6
(6)(7)7(7)- (6)(7)7(7)...7


=========================== lacuerda.net ============================
Este fichero es trabajo propio de su transcriptor y representa su    
interpretación personal de la canción. El material contenido en      
esta página es para exclusivo uso privado, por lo que se prohibe su  
reproducción o retransmisión, así como su uso para fines comerciales.
=========================== lacuerda.net ============================
