=====================================================================
|             TABLATURAS Y ACORDES DE MÚSICA EN ESPAÑOL             |
+-------------------------- lacuerda.net ---------------------------+
| ARTISTA: La Vela Puerca                                           |
| CANCION: LLENOS DE MAGIA                                          |
| AUTOR:   Sebastian teysera                                        |
| ALBUM:   -?-                                                      |
+------------------------------------------------------ARM-vpue0352-+
| TRANS:   Lucho                                                    |
=====================================================================

Toda tablatura de armónica se puede tocar con cualquier armónica
soplando y aspirando las mismas celdas, no las mismas notas

(-3): aspirar la tercer celda bajando un semitono bend-
(--3): aspirar la tercer celda bajando dos semitonos
&lt;: pasar de una celda a otra sin dejar de soplar arrastrar-

Intro:
54(5)5(4)4 (-3)&lt;(5)
(5)5(4)4(--3)
4 (5)5(4)4(4)54
4(4)54(5)5(4)4 (-3)&lt;(5)
(5)5(4)4(--3)
4 (5)5(4)4(4)54
(--3)(-3)3

555(5)5(4)4(-3)
555(5)5(4)4(--3)
555(5)(5)54(4)54
555(5)5(4)4(-3)
555(5)5(4)4(--3)
555(5)(5)54(4)54

Puente:5(4)44(4)5(5)(4)

(4)(4)(4)(4)(4)4(4)5(5)
(5)(5)(5)(5)(5)5(5)6(5)
444(5)(5)5(4)45
(4)(4)(4)(4)(4)4(4)5(5)
(5)(5)(5)(5)(5)5(5)6(5)
444(5)(5)5(4)44

Guitarra: (4)(4)-(4)5(5)5(4)(-3)(-3)
(4)5(5)54(4)(4)
(4)5(5)5(4)(-3)(5)54
(4)(4)-(4)5(5)5(4)(-3)(-3)
(4)5(5)54(4)(4)
(4)5(5)5(4)(-3)(5)54(4)

555(5)5(4)4(-3)
555(5)5(4)4(--3)
555(5)(5)54(4)54
555(5)5(4)4(-3)
555(5)5(4)4(--3)
555(5)(5)54(4)54

Puente:5(4)44(4)5(5)(4)

(4)(4)(4)(4)(4)4(4)5(5)
(5)(5)(5)(5)(5)5(5)6(5)
444(5)(5)5(4)45
(4)(4)(4)(4)(4)4(4)5(5)
(5)(5)(5)(5)(5)5(5)6(5)
444(5)(5)5(4)45-(5)6

Guitarra:66(5)4(4)5
(5)(5)(4)
(5)(5)(4)
(5)(5)(5)(6)6
(6)(6)(6)6(5)(6)6-(5)(6)6
(5)(4)
(4)(4)(4)(4)(6)(6)
(4)(5)(5)(5)(5)(4)
(4)(4)(6)6(6)(6)(6)6(5)(6)6-(5)(6)6
(5)(4)
(4)(4)(4)(4)(6)(6)
(4)(5)(5)(5)(5)(4)

555(5)5(4)4(-3)
555(5)5(4)4(--3)
555(5)(5)54(4)54
5555(4)45
(5)(5)(5)(5)5(4)(5)
(5)(5)(5)(5)(5)54(4)56

Puente:5(4)44(4)5(5)(4)

(4)(4)(4)(4)(4)4(4)5(5)
(5)(5)(5)(5)(5)5(5)6(5)
444(5)(5)5(4)45
(4)(4)(4)(4)(4)4(4)5(5)
(5)(5)(5)(5)(5)5(5)6(5)
444(5)(5)5(4)44
(4)(4)(4)(4)(4)4(4)5(5)
(5)(5)(5)(5)(5)5(5)6(5)
444(5)(5)5(4)45(5)6

Coda:
(4)(4)-(4)5(5)5(4)(-3)(-3)
(4)5(5)54(4)(4)
(4)5(5)5(4)(-3)(5)54
(4)(4)-(4)5(5)5(4)(-3)(-3)
(4)5(5)54(4)(4)
(4)5(5)5(4)(-3)(5)54(4)
(4)(4)-(4)5(5)5(4)(-3)(-3)
(4)5(5)54(4)(4)
(4)5(5)5(4)(-3)(5)54
(4)(4)-(4)5(5)5(4)(-3)(-3)
(4)5(5)54(4)(4)
(4)5(5)5(4)(-3)(5)54(4)


=========================== lacuerda.net ============================
Este fichero es trabajo propio de su transcriptor y representa su    
interpretación personal de la canción. El material contenido en      
esta página es para exclusivo uso privado, por lo que se prohibe su  
reproducción o retransmisión, así como su uso para fines comerciales.
=========================== lacuerda.net ============================
