=====================================================================
|             TABLATURAS Y ACORDES DE MÚSICA EN ESPAÑOL             |
+-------------------------- lacuerda.net ---------------------------+
| ARTISTA: La Vela Puerca                                           |
| CANCION: MIRA                                                     |
| AUTOR:   Sebasian Teysera                                         |
| ALBUM:   De mi Corazón                                            |
+------------------------------------------------------ARM-vpue0462-+
| TRANS:   Lucho                                                    |
=====================================================================

arm c

un (--3) es aspirar la cela 3 bajando 2 semitonos

ESTROFAS
(4) (4) (4) (4) (4) (4) (4) (4)5(4) (4) (4)
(4) (4) (4) (4) (4) (4) (4) (4)5(4) (4) (4)
(4) (4) (4) (4) (4) (4) (4) (4)5(4) (4) (4)
(4) (4) (4) (4) 6(4)(4) (4)(4) (4)

(4) (4) (4) (4) (4) (4) (4) (4)5(4) (4) (4)
(4) (4) (4) (4) (4) (4) (4) (4)5(4) (4) (4)
(4) (4) (4) (4) (4) (4) (4) (4)5(4) (4) (4)
(4) (4) (4) (4) 6(4)(4) (4)(4) (4)

ESTRIBILLO
65(4)
4(3)4(3)4(3)(--3)3
65(4)
5(4)(4)45(4)(4)
65(4)
4(3)4(3)4(3)(--3)3
65(4)
5(4)(4)45(4)(4)

OOO
(3)4(4)3
4(4)5
(3)4(4)3
4(3)(--3)3
(3)4(4)3
4(4)5
(3)4(4)3
4(3)(--3)3

ESTROFAS
(4) (4) (4) (4) (4) (4) (4) (4)5(4) (4) (4)
(4) (4) (4) (4) (4) (4) (4) (4)5(4) (4) (4)
(4) (4) (4) (4) (4) (4) (4) (4)5(4) (4) (4)
(4) (4) (4) (4) 6(4)(4) (4)(4) (4)

(4) (4) (4) (4) (4) (4) (4) (4)5(4) (4) (4)
(4) (4) (4) (4) (4) (4) (4) (4)5(4) (4) (4)
(4) (4) (4) (4) (4) (4) (4) (4)5(4) (4) (4)
(4) (4) (4) (4) 6(4)(4) (4)(4) (4)

ESTRIBILLO
65(4)
4(3)4(3)4(3)(--3)3
65(4)
5(4)(4)45(4)(4)
65(4)
4(3)4(3)4(3)(--3)3
65(4)
5(4)(4)45(4)(4)

OOO
(3)4(4)3
4(4)5
(3)4(4)3
4(3)(--3)3
(3)4(4)3
4(4)5
(3)4(4)3
4(3)(--3)3

VIENTOS
3(1)(4)4(3)(--3)3(1)
(4)4(4)
3(1)(4)4(3)(--3)3(1)
(1)3(4)4(4)

ESTROFAS
4 (4) (4) (4) (4) (4) (4) (4) (4) (4) (4) (4)
(4) (4) (4) (4) (4) (4) (4) (4) (4) (4) (4)
(4) (4) (4) (4) (4) (4) (4) (4) (4) (4) (4)
(4) (4) (4) (4) 6(4)(4) (4)(4) 6

4 (4) (4) (4) (4) (4) (4) (4) (4) (4) (4) (4)
(4) (4) (4) (4) (4) (4) (4) (4) (4) (4) (4)
(4) (4) (4) (4) (4) (4) (4) (4) (4) (4) (4)
(4) (4) (4) (4) 6(4)(4) (4)(4) 6

VIENTOS
(4)5(4)5(4)4(3)
4(3)(--3)3
3(--3)(3)3
(1)2(1)
(1)23(--3)3
(--3)(3)4(3)46
6(6)(7)(6)6
(6)(7)(6)6
(6)7(7)(6)6


=========================== lacuerda.net ============================
Este fichero es trabajo propio de su transcriptor y representa su    
interpretación personal de la canción. El material contenido en      
esta página es para exclusivo uso privado, por lo que se prohibe su  
reproducción o retransmisión, así como su uso para fines comerciales.
=========================== lacuerda.net ============================
