=====================================================================
|             TABLATURAS Y ACORDES DE MÚSICA EN ESPAÑOL             |
+-------------------------- lacuerda.net ---------------------------+
| ARTISTA: Andrés Calamaro                                          |
| CANCION: TE QUIERO                                                |
| AUTOR:   Andrés Calamaro                                          |
| ALBUM:   -?-                                                      |
+------------------------------------------------------ARM-acal0523-+
| TRANS:   Mariano                                                  |
=====================================================================

      _____________________________________
     /
+---+---------------------------------------+---+
|   | 1 | 2 | 3 | 4 | 5 | 6 | 7 | 8 | 9 | 10| C |
+---+---------------------------------------+---+
      _____________________________________/

 8    (8) 8  9 (9) 8 (8) 7    (6) 7 (8)(9) 8  7  6
 6  8    (8) 8  9 (9) 8 (8) 7    (6) 7 (8)(9) 8  7  6
 6  8    (8) 8  9 (9) 8 (8) 7    (6) 7 (8)(9) 8  7 (6)
 6  8  6     8 (8) 6    (8) 7

 6  8  8    (8) 8  9 (9) 8 (8)(8) 7    (6) 7 (8)(9) 8  7 (8) 7
 6  8  8    (8) 8  9 (9) 8 (8) 7  7    (6) 7 (8)(9) 8  7  6 (8) 7
 6  8  8    (8) 8  9 (9) 8 (8) 7  7    (6) 7 (8)(9) 8  6 (8) 6
 6  8  6     8 (8) 6    (8) 7

 8  8    (8) 8  9 (9) 8 (8)(8) 7       (6) 7 (8)(9) 8  7 (8) 7
 6  8  8    (8) 8  9 (9) 8 (8) 7  7    (6) 7 (8)(9) 8  7  6 (8) 7
 6  8  8     9 (10)9 (9) 8 (8) 7       (6) 7 (8)(9) 8  6 (8) 6
 6  8  6     8 (8) 6    (8) 7

 6  8  8    (10)(10)(10) 9 (9)(10)(10)     8  8  8  8 (9) 9  7
 7  7 (8) 7  8  8     9 (10)9 (9) 8 (8) 7  7    (6) 7 (8)(9) 8 (8) 6
 6  8  8     9 (10)9 (9) 8 (8) 7    (6) 7 (6)(8)
 6  8  6     8 (8) 6    (8) 7

(9) 8 (9)(9)(9) 8  7     7 (9)(9)(9) 8 (8) 7 (8)(8)
(9) 8 (9)(9)(9) 8  7     7 (9)(9)(9) 8 (8) 7 (8)(8)


=========================== lacuerda.net ============================
Este fichero es trabajo propio de su transcriptor y representa su    
interpretación personal de la canción. El material contenido en      
esta página es para exclusivo uso privado, por lo que se prohibe su  
reproducción o retransmisión, así como su uso para fines comerciales.
=========================== lacuerda.net ============================
