=====================================================================
|             TABLATURAS Y ACORDES DE MÚSICA EN ESPAÑOL             |
+-------------------------- lacuerda.net ---------------------------+
| ARTISTA: La Vela Puerca                                           |
| CANCION: EL VIEJO                                                 |
| AUTOR:   Alejandro Balbis, Nicolás Lieutier, Sebastián Teysera    |
| ALBUM:   De Bichos Y Flores (2001)                                |
+------------------------------------------------------ARM-vpue0114-+
| TRANS:   Lucho                                                    |
=====================================================================

Un - adentro de un paréntesis significa que hay que bajar la nota
aspirada original tantos semitonos como guiones (-).
Un - afuera de paréntesis es una división entre dos partes.

INTRO:
(5)(4)5(5)(4)5(4)4(-3)(--3)(--2)(--3)3(--2)2
(5)(4)5(5)(4)5(4)4(-3)(--3)(--2)(--3)35
(5)(4)5(5)(4)5(4)4(-3)(--3)(--2)(--3)3(--2)2
(5)(4)5(5)(4)5(4)4(-3)(--3)(--2)(--3)35

ESTROFAS:
5(5)(5)(5)(5)(4)55
(4)(5)(5)(5)(5)(4)5
(4)(5)(5)(5)(5)(4)55
5555(4)(4)(4)5(4)(-4)

(4)(5)(5)(5)(5)(4)55
(4)(5)(5)(5)(5)(4)5
(4)(5)(5)(5)(5)(4)55
5555(4)(4)(4)5(4)(-4)

(4)(4)(4)(4)(4)(4)(5)(5)-(5)(5)(5)66-6(5)5(5)(4)
(4)(-4) (-4) (-4) (-4) (-4)55-(-4) (-4) (-4) (-4)(5)5(5)
(4)(4)(4)(4)(4)(4)(5)(5)-(5)(5)(5)66-6(5)5(5)(4)
(4)(-4) (-4) (-4) (-4) (-4)55-(-4) (-4) (-4) (-4)(5)5(5)5(4)

(4)(4)(4)(4)(-4) (-4)(4)5(5)     (5)5(4)
(4)(4)(4)(4)(-4) (-4)(4)5(5)5(4)4(--3)
(4)(4)(4)(4)(-4) (-4)(4)5(5)5(4)
(4)(6)6(5)5
(4)(4)(4)(4)(-4)(-3)(--3)3(--3)

INTERLUDIO DE VIENTOS:
(5)(4)5(5)(4)5(4)4(-3)(--3)(--2)(--3)3(--2)2
(5)(4)5(5)(4)5(4)4(-3)(--3)(--2)(--3)35
(5)(4)5(5)(4)5(4)4(-3)(--3)(--2)(--3)3(--2)2
(5)(4)5(5)(4)5(4)4(-3)(--3)(--2)(--3)35

ESTROFAS:
5(5)(5)(5)(5)(4)55
(4)(5)(5)(5)(5)(4)5
(4)(5)(5)(5)(5)(4)55
5555(4)(4)(4)5(4)(-4)

(4)(5)(5)(5)(5)(4)55
(4)(5)(5)(5)(5)(4)5
(4)(5)(5)(5)(5)(4)55
5555(4)(4)(4)5(4)(-4)

(4)(4)(4)(4)(4)(4)(5)(5)-(5)(5)(5)66-6(5)5(5)(4)
(4)(-4) (-4) (-4) (-4) (-4)55-(-4) (-4) (-4) (-4)(5)5(5)
(4)(4)(4)(4)(4)(4)(5)(5)-(5)(5)(5)66-6(5)5(5)(4)
(4)(-4) (-4) (-4) (-4) (-4)55-(-4) (-4) (-4) (-4)(6)6(5)5(4)

(4)(4)(4)(4)(-4) (-4)(4)5(5)     (5)5(4)
(4)(4)(4)(4)(-4) (-4)(4)5(5)5(4)4(--3)
(4)(4)(4)(4)(-4) (-4)(4)5(5)5(4)
(4)(6)6(5)5
(4)(4)(4)(4)(-4)(-3)(--3)3(--3)

[INTERLUDIO DE GUITARRAS]

ESTROFAS:
(4)(4)(4)(4)(-4) (-4)(4)5(5)     (5)5(4)
(4)(4)(4)(4)(-4) (-4)(4)5(5)5(4)4(--3)
(4)(4)(4)(4)(-4) (-4)(4)5(5)5(4)
(4)(6)6(5)5
(4)(4)(4)(4)(-4)(-3)(--3)3(--3)

(4)(4)(4)(4)(-4)(-4)(4)5(5)
(4)(6)6(5)5
(4)(4)(4)(4)55(5)5(5)         5(4)


=========================== lacuerda.net ============================
Este fichero es trabajo propio de su transcriptor y representa su    
interpretación personal de la canción. El material contenido en      
esta página es para exclusivo uso privado, por lo que se prohibe su  
reproducción o retransmisión, así como su uso para fines comerciales.
=========================== lacuerda.net ============================
