=====================================================================
|             TABLATURAS Y ACORDES DE MÚSICA EN ESPAÑOL             |
+-------------------------- lacuerda.net ---------------------------+
| ARTISTA: La Vela Puerca                                           |
| CANCION: POR LA CIUDAD                                            |
| AUTOR:   Sebastián Teysera                                        |
| ALBUM:   De Bichos Y Flores                                       |
+------------------------------------------------------ARM-vpue0182-+
| TRANS:   el                                                       |
=====================================================================

INTRO

6....(5) 5 (5) 5 4 3

6....(5) 5 (5) (6) 6 5 5 5 (5)

6....(5) 5 (5) 5 4 3

6....(5) 5 (5) 5 4

DURANTE EL TEMA

Como uan flecha voy por la ciudad sin pulmotor

4 4 4 (4) 5 (4) 4 (4) 5 (4) 4 (4) 5

4 4 4 (4) 5 (4) 4 (4) 5 (4) 4 (4) 4

4 4 4 (4) 5 (4) 4 (4) 5 (4) 4 (4) 5

4 4 4 (4) 5 (4) 4 (4) 5 (4) 4 (4) 4

6 6 6 6 6 6 (5) 5 (5) 5 (5) (6) 6

6 6 6 6 6 6 (5) 5 (5) 5 (5) (6) 6

4 4 4 (4) 5 (4) 4 (4) 5 (4) 4 (4) 5

4 4 4 (4) 5 (4) 4 (4) 5 (4) 4 (4) 4

4 4 4 (4) 5 (4) 4 (4) 5 (4) 4 (4) 5

4 4 4 (4) 5 (4) 4 (4) 5 (4) 4 (4) 4

6 6 6 6 6 6 (5) 5 (5) 5 (5) (6) 6

6 6 6 6 6 6 (5) 5 (5) 5 (5) (6) 6

4 4 4 (4) 5 (4) 4 (4) 5 (4) 4 (4) 5

4 4 4 (4) 5 (4) 4 (4) 5 (4) 4 (4) 4

4 4 4 (4) 5 (4) 4 (4) 5 (4) 4 (4) 5

4 4 4 (4) 5 (4) 4 (4) 5 (4) 4 (4) 4

6 6 6 6 6 6 (5) 5 (5) 5 (5) (6) 6

6 6 6 6 6 6 (5) 5 (5) 5 (5) (6) 6

4 4 4 (4) 5 (4) 4 (4) 5 (4) 4 (4) 5

4 4 4 (4) 5 (4) 4 (4) 5 (4) 4 (4) 4

4 4 4 (4) 5 (4) 4 (4) 5 (4) 4 (4) 5

4 4 4 (4) 5 (4) 4 (4) 5 (4) 4 (4) 4

SOlo Del Final

6....(5) (5) 5 (5) 5 4 3

6....(5) (5) 5 (5) (6) 6

6....(5) (5) 5 (5) 5 4 3

6....(5) (5) 5 (5) 5 (6) 6 (5) 6 (5) 5 (5) 5 (4) 5 (4) 4

4 4 4 (4) 5 (4) 4 (4) 5 (4) 4 (4) 5

4 4 4 (4) 5 (4) 4 (4) 5 (4) 4 (4) 4

4 4 4 (4) 5 (4) 4 (4) 5 (4) 4 (4) 5

4 4 4 (4) 5 (4) 4 (4) 5 (4) 4 (4) 4

6 6 6 6 6 6 (5) 5 (5) 5 (5) (6) 6

6 6 6 6 6 6 (5) 5 (5) 5 (5) (6) 6

4 4 4 (4) 5 (4) 4 (4) 5 (4) 4 (4) 5

4 4 4 (4) 5 (4) 4 (4) 5 (4) 4 (4) 4

6.... (5) 5 (5) (6) 6

6.... (5) 5 (5) 5 4 3

6.... (5) 5 (5) (6) 6

6.... (5) 5 (5) 5 4 3

6.... (5) 5 (5) (6) 6

6.... (5) 5 (5) 5 4 3

6.... (5) 5 (5) (6) 6

6.... (5) 5 (5) 5 4 3

Tengo una banda amiga que me aguanta el corazon

4 4 4 (4) 5 (4) 4 (4) 5 (4) 4 (4) 5 LENTO


=========================== lacuerda.net ============================
Este fichero es trabajo propio de su transcriptor y representa su    
interpretación personal de la canción. El material contenido en      
esta página es para exclusivo uso privado, por lo que se prohibe su  
reproducción o retransmisión, así como su uso para fines comerciales.
=========================== lacuerda.net ============================
