=====================================================================
|             TABLATURAS Y ACORDES DE MÚSICA EN ESPAÑOL             |
+-------------------------- lacuerda.net ---------------------------+
| ARTISTA: La Vela Puerca                                           |
| CANCION: SU RACION                                                |
| AUTOR:   -?-                                                      |
| ALBUM:   El Impulso (2007)                                        |
+------------------------------------------------------ARM-vpue0513-+
| TRANS:   Lucho                                                    |
=====================================================================

Estrofa
4444(6)6(5)5(5)65
4(4)5 4(4)5 444(5)5
4444(6)6(5)5(5)65
4(4)5 4(4)5 444(5)5

Puente:
44(5)5(4)4(--3)44(4ue)5
44(5)5(4)4(--3)44(4ueue)

Estrofas
4444(6)6(5)5(5)65
4(4)5 4(4)5 444(5)5
4444(6)6(5)5(5)65
4(4)5 4(4)5 444(5)5

44444(3)(3)(3)(3)(--3)34(4)5
5(5)5(4)43
4(5)5(4)44

44444(3)(3)(3)(3)4(4)565
5(5)5(4)43
4(5)5(4)4(4)

4444(6)6(5)5(5)65
4(4)5 4(4)5 444(5)5
4444(6)6(5)5(5)65
4(4)5 4(4)5 444(5)5

44444(3)(3)(3)(3)(--3)34(4)5
5(5)5(4)43
4(5)5(4)44
44444(3)(3)(3)(3)4(4)565
5(5)5(4)43
4(5)5(4)4(4)

Vientos
4 (--3)3
(--2)2
4(4)5
4 (--3)3
(--2)2
4(4)4

Estrofas
4444(6)6(5)5(5)65
4(4)5 4(4)5 444(5)5
4444(6)6(5)5(5)65
4(4)5 4(4)5 444(5)5

44444(3)(3)(3)(3)(--3)34(4)5
5(5)5(4)43
4(5)5(4)44
44444(3)(3)(3)(3)4(4)565
5(5)5(4)43
4(5)5(4)4(5)6

(5)(5)(5)(5)5(4)5 (5)(5)(5)(5)5(4)4
(4)5(5)5(4)4(5)5(4)44(4)
(5)(5)(5)(5)5(4)5 (5)(5)(5)(5)5(4)4
(4)5(5)5(4)4(5)5(4)44(4)

CODA:
4 (--3)3
(--2)2
4(4)5
4 (--3)3
(--2)2
4(4)4

------------------------------------------
               07/01/2008
------------------------------------------


=========================== lacuerda.net ============================
Este fichero es trabajo propio de su transcriptor y representa su    
interpretación personal de la canción. El material contenido en      
esta página es para exclusivo uso privado, por lo que se prohibe su  
reproducción o retransmisión, así como su uso para fines comerciales.
=========================== lacuerda.net ============================
